%A = 612 - 1j * 717;
%B = -305 -1j * 808;

%A = 2468 + 1j * 2468;
%B = 2468 + 1j * 2468;

A = 10745 + 14837i;
B = -7755 - 28388i;

W0 = -1;

R1 = A + W0 * B;
R2 = A - W0 * B;